CAARVAFSEALVF
CAGDEKDEF
CAGF
CAGPTALLAHEIGF
CALRPSGTYKYIF
CCLLLLCWFAGFLGF
CESASYPEGNF
CGAWDDSVAGWGF
CHHYHTSPWTF
CHSYDVRRNVF
CIQALQSPHTF
CISFLFFSFF
CLLLLCWFAGFLGF
CLQHNSYPLTF
CLSRFRLCTF
CMQARQTQITF
CQHYFETPLNF
CQHYGSARYTF
CQNYNTARRTF
CQQGFTTF
CQQTFGTPFTF
CQQTYTMPYTF
CQQYAVPPRTF
CQQYGTSPWTF
CQVWDNFYVF
CREKGVFGF
CSFSVAAIKGF
CSLQPLPPGF
CSPSDPMVFSSF
CSSFAGSLYFF
CSSLLYLCCTF
CVVNWGGNKLTF
